[escudo.jpg]
filters=Boost=1,35.672516;crop64=1,141d0000df15c1f0;enhance=1;autolight=1;enhance=1;autocolor=1;bw=1;Lomo=1,50.000000,0.000000;enhance=1;fill=1,0.411215;autolight=1;fill=1,0.177570;autocolor=1;fill=1,0.009346;Lomo=1,18.128654,100.000000;Vignette=1,44.444447,1.280702,0.000000,ff00358e;
crop=rect64(141d0000df15c1f0)
moddate=1c17648baf8bcd01
width=140
height=132
textactive=0
[cover.jpg]
filters=Boost=1,31.578945;
moddate=99364a9cd68ecd01
width=960
height=720
textactive=0
